1223.00
1225.40
1227.80
1230.20
1232.60
1235.00
1237.40
1239.80
1242.20
1244.60
1247.00
1249.40
1251.80
1254.20
1256.60
1259.00
1261.40
1263.80
1266.20
1268.60
1271.00
1273.40
1275.80
1278.20
1280.60
1283.00
1285.40
1287.80
1290.20
1292.60
1295.00
1297.40
1299.80
1302.20
1304.60
1307.00
1309.40
1311.80
1314.20
1316.60
1319.00
1321.40
1323.80
1326.20
1328.60
1331.00
1333.40
1335.80
1338.20
1340.60
1343.00
1345.40
1347.80
1350.20
1352.60
1355.00
1357.40
1359.80
1362.20
1364.60
1367.00
1369.40
1371.80
1374.20
1376.60
1379.00
1381.40
1383.80
1386.20
1388.60
1391.00
1393.40
1395.80
1398.20
1400.60
1403.00
1405.40
1407.80
1410.20
1412.60
1415.00
1417.40
1419.80
1422.20
1424.60
1427.00
1429.40
1431.80
1434.20
1436.60
1439.00
