1055.00000
1056.60000
1058.20000
1059.80000
1061.40000
1063.00000
1064.60000
1066.20000
1067.80000
1069.40000
1071.00000
1072.60000
1074.20000
1075.80000
1077.40000
1079.00000
1080.60000
1082.20000
1083.80000
1085.40000
1087.00000
1088.60000
1090.20000
1091.80000
1093.40000
1095.00000
1096.60000
1098.20000
1099.80000
1101.40000
1103.00000
1104.60000
1106.20000
1107.80000
1109.40000
1111.00000
1112.60000
1114.20000
1115.80000
1117.40000
1119.00000
1120.60000
1122.20000
1123.80000
1125.40000
1127.00000
1128.60000
1130.20000
1131.80000
1133.40000
1135.00000
1136.60000
1138.20000
1139.80000
1141.40000
1143.00000
1144.60000
1146.20000
1147.80000
1149.40000
1151.00000
1152.60000
1154.20000
1155.80000
1157.40000
1159.00000
1160.60000
1162.20000
1163.80000
1165.40000
1167.00000
1168.60000
1170.20000
1171.80000
1173.40000
1175.00000
1176.60000
1178.20000
1179.80000
1181.40000
1183.00000
1184.60000
1186.20000
1187.80000
1189.40000
1191.00000
1192.60000
1194.20000
1195.80000
1197.40000
1199.00000
