500
507.7777778
515.5555556
523.3333333
531.1111111
538.8888889
546.6666667
554.4444444
562.2222222
570
577.7777778
585.5555556
593.3333333
601.1111111
608.8888889
616.6666667
624.4444444
632.2222222
640
647.7777778
655.5555556
663.3333333
671.1111111
678.8888889
686.6666667
694.4444444
702.2222222
710
717.7777778
725.5555556
733.3333333
741.1111111
748.8888889
756.6666667
764.4444444
772.2222222
780
787.7777778
795.5555556
803.3333333
811.1111111
818.8888889
826.6666667
834.4444444
842.2222222
850
857.7777778
865.5555556
873.3333333
881.1111111
888.8888889
896.6666667
904.4444444
912.2222222
920
927.7777778
935.5555556
943.3333333
951.1111111
958.8888889
966.6666667
974.4444444
982.2222222
990
997.7777778
1005.555556
1013.333333
1021.111111
1028.888889
1036.666667
1044.444444
1052.222222
1060
1067.777778
1075.555556
1083.333333
1091.111111
1098.888889
1106.666667
1114.444444
1122.222222
1130
1137.777778
1145.555556
1153.333333
1161.111111
1168.888889
1176.666667
1184.444444
1192.222222
1200
