200.000000
211.111111
222.222222
233.333333
244.444444
255.555556
266.666667
277.777778
288.888889
300.000000
311.111111
322.222222
333.333333
344.444444
355.555556
366.666667
377.777778
388.888889
400.000000
411.111111
422.222222
433.333333
444.444444
455.555556
466.666667
477.777778
488.888889
500.000000
511.111111
522.222222
533.333333
544.444444
555.555556
566.666667
577.777778
588.888889
600.000000
611.111111
622.222222
633.333333
644.444444
655.555556
666.666667
677.777778
688.888889
700.000000
711.111111
722.222222
733.333333
744.444444
755.555556
766.666667
777.777778
788.888889
800.000000
811.111111
822.222222
833.333333
844.444444
855.555556
866.666667
877.777778
888.888889
900.000000
911.111111
922.222222
933.333333
944.444444
955.555556
966.666667
977.777778
988.888889
1000.000000
1011.111111
1022.222222
1033.333333
1044.444444
1055.555556
1066.666667
1077.777778
1088.888889
1100.000000
1111.111111
1122.222222
1133.333333
1144.444444
1155.555556
1166.666667
1177.777778
1188.888889
1200.000000
