3.64	3.72	3.80	3.88	3.96	4.04	4.12	4.20	4.27	4.35	4.43	4.51	4.59	4.66	4.74	4.82	4.90	4.98	5.06	5.14	5.22	5.30	5.38	5.46	5.54	5.62	5.70	5.78	5.86	5.94	6.02	6.10	6.18	6.27	6.35	6.43	6.50	6.58	6.66	6.74	6.82	6.89	6.97	7.04	7.12	7.19	7.26	7.33	7.40	7.47	7.53	7.60	7.66	7.72	7.78	7.84	7.89	7.95	8.00	8.05	8.10	8.15	8.20	8.24	8.29	8.33	8.37	8.41	8.44	8.48	8.51	8.54	8.58	8.61	8.64	8.67	8.69	8.72	8.75	8.77	8.80	8.83	8.85	8.88	8.90	8.93	8.95	8.98	9.01	9.03	9.06
3.76	3.84	3.92	4.00	4.08	4.17	4.25	4.33	4.41	4.49	4.57	4.65	4.73	4.81	4.89	4.97	5.05	5.13	5.22	5.30	5.38	5.46	5.54	5.63	5.71	5.79	5.88	5.96	6.04	6.13	6.21	6.29	6.37	6.46	6.54	6.62	6.70	6.78	6.86	6.94	7.02	7.10	7.18	7.25	7.33	7.40	7.48	7.55	7.62	7.69	7.76	7.82	7.89	7.95	8.01	8.07	8.13	8.18	8.24	8.29	8.34	8.39	8.44	8.49	8.53	8.58	8.62	8.66	8.70	8.73	8.77	8.80	8.84	8.87	8.90	8.93	8.96	8.99	9.02	9.04	9.07	9.10	9.12	9.15	9.18	9.20	9.23	9.26	9.29	9.31	9.34
3.87	3.95	4.04	4.12	4.21	4.29	4.37	4.46	4.54	4.62	4.71	4.79	4.87	4.96	5.04	5.12	5.21	5.29	5.37	5.46	5.54	5.63	5.71	5.80	5.88	5.97	6.05	6.14	6.22	6.31	6.39	6.48	6.56	6.65	6.73	6.82	6.90	6.98	7.07	7.15	7.23	7.31	7.39	7.47	7.54	7.62	7.69	7.77	7.84	7.91	7.98	8.05	8.11	8.18	8.24	8.30	8.36	8.42	8.48	8.53	8.58	8.64	8.69	8.73	8.78	8.82	8.87	8.91	8.95	8.99	9.03	9.06	9.10	9.13	9.16	9.19	9.23	9.26	9.29	9.31	9.34	9.37	9.40	9.43	9.46	9.48	9.51	9.54	9.57	9.60	9.63
3.98	4.07	4.16	4.24	4.33	4.42	4.50	4.59	4.67	4.76	4.84	4.93	5.01	5.10	5.19	5.27	5.36	5.44	5.53	5.62	5.70	5.79	5.88	5.97	6.05	6.14	6.23	6.32	6.40	6.49	6.58	6.67	6.75	6.84	6.93	7.01	7.10	7.18	7.27	7.35	7.43	7.52	7.60	7.68	7.76	7.83	7.91	7.99	8.06	8.13	8.20	8.27	8.34	8.41	8.47	8.54	8.60	8.66	8.72	8.77	8.83	8.88	8.93	8.98	9.03	9.07	9.12	9.16	9.20	9.25	9.28	9.32	9.36	9.39	9.43	9.46	9.49	9.53	9.56	9.59	9.62	9.65	9.68	9.71	9.73	9.76	9.79	9.82	9.85	9.88	9.91
4.09	4.18	4.27	4.36	4.45	4.54	4.63	4.71	4.80	4.89	4.98	5.07	5.16	5.24	5.33	5.42	5.51	5.60	5.69	5.78	5.87	5.96	6.05	6.14	6.23	6.32	6.41	6.50	6.59	6.68	6.77	6.85	6.94	7.03	7.12	7.21	7.30	7.38	7.47	7.56	7.64	7.73	7.81	7.89	7.97	8.05	8.13	8.21	8.28	8.36	8.43	8.50	8.57	8.64	8.71	8.77	8.83	8.89	8.95	9.01	9.07	9.12	9.18	9.23	9.28	9.33	9.37	9.42	9.46	9.50	9.54	9.58	9.62	9.66	9.69	9.73	9.76	9.80	9.83	9.86	9.89	9.92	9.96	9.99	10.02	10.05	10.08	10.11	10.14	10.17	10.20
4.20	4.29	4.39	4.48	4.57	4.66	4.75	4.84	4.93	5.02	5.11	5.21	5.30	5.39	5.48	5.57	5.66	5.75	5.84	5.94	6.03	6.12	6.21	6.30	6.40	6.49	6.58	6.67	6.77	6.86	6.95	7.04	7.13	7.23	7.32	7.41	7.50	7.58	7.67	7.76	7.85	7.93	8.02	8.10	8.19	8.27	8.35	8.43	8.50	8.58	8.65	8.73	8.80	8.87	8.94	9.00	9.07	9.13	9.19	9.25	9.31	9.37	9.42	9.48	9.53	9.58	9.63	9.67	9.72	9.76	9.81	9.85	9.89	9.93	9.96	10.00	10.04	10.07	10.10	10.14	10.17	10.20	10.24	10.27	10.30	10.33	10.36	10.40	10.43	10.46	10.49
4.31	4.40	4.50	4.59	4.69	4.78	4.87	4.97	5.06	5.15	5.25	5.34	5.44	5.53	5.62	5.72	5.81	5.91	6.00	6.09	6.19	6.28	6.38	6.47	6.57	6.66	6.76	6.85	6.95	7.04	7.14	7.23	7.32	7.42	7.51	7.60	7.69	7.79	7.88	7.97	8.05	8.14	8.23	8.32	8.40	8.48	8.57	8.65	8.73	8.80	8.88	8.96	9.03	9.10	9.17	9.24	9.31	9.37	9.44	9.50	9.56	9.62	9.67	9.73	9.78	9.83	9.88	9.93	9.98	10.02	10.07	10.11	10.15	10.19	10.23	10.27	10.31	10.34	10.38	10.42	10.45	10.48	10.52	10.55	10.59	10.62	10.65	10.68	10.72	10.75	10.79
4.41	4.51	4.61	4.71	4.80	4.90	5.00	5.09	5.19	5.29	5.38	5.48	5.57	5.67	5.77	5.86	5.96	6.06	6.15	6.25	6.35	6.45	6.54	6.64	6.74	6.84	6.93	7.03	7.13	7.22	7.32	7.42	7.51	7.61	7.70	7.80	7.89	7.99	8.08	8.17	8.26	8.35	8.44	8.53	8.61	8.70	8.78	8.87	8.95	9.03	9.11	9.18	9.26	9.33	9.41	9.48	9.54	9.61	9.68	9.74	9.80	9.86	9.92	9.98	10.03	10.09	10.14	10.19	10.24	10.28	10.33	10.38	10.42	10.46	10.50	10.54	10.58	10.62	10.66	10.69	10.73	10.77	10.80	10.84	10.87	10.91	10.94	10.98	11.01	11.05	11.08
4.52	4.62	4.72	4.82	4.92	5.02	5.12	5.22	5.32	5.41	5.51	5.61	5.71	5.81	5.91	6.01	6.11	6.21	6.31	6.41	6.51	6.61	6.71	6.81	6.91	7.01	7.11	7.21	7.31	7.41	7.51	7.60	7.70	7.80	7.90	7.99	8.09	8.19	8.28	8.37	8.47	8.56	8.65	8.74	8.83	8.92	9.00	9.09	9.17	9.25	9.33	9.41	9.49	9.57	9.64	9.71	9.78	9.85	9.92	9.98	10.05	10.11	10.17	10.23	10.29	10.34	10.40	10.45	10.50	10.55	10.60	10.64	10.69	10.73	10.77	10.82	10.86	10.90	10.94	10.97	11.01	11.05	11.09	11.12	11.16	11.20	11.23	11.27	11.30	11.34	11.38
4.62	4.73	4.83	4.93	5.03	5.14	5.24	5.34	5.44	5.54	5.64	5.75	5.85	5.95	6.05	6.15	6.26	6.36	6.46	6.56	6.67	6.77	6.87	6.97	7.08	7.18	7.28	7.38	7.49	7.59	7.69	7.79	7.89	7.99	8.09	8.19	8.29	8.39	8.48	8.58	8.67	8.77	8.86	8.95	9.04	9.13	9.22	9.31	9.39	9.48	9.56	9.64	9.72	9.80	9.87	9.95	10.02	10.09	10.16	10.23	10.29	10.36	10.42	10.48	10.54	10.60	10.65	10.71	10.76	10.81	10.86	10.91	10.96	11.00	11.05	11.09	11.13	11.18	11.22	11.26	11.30	11.33	11.37	11.41	11.45	11.49	11.52	11.56	11.60	11.64	11.68
4.72	4.83	4.94	5.04	5.15	5.25	5.36	5.46	5.57	5.67	5.77	5.88	5.98	6.09	6.19	6.30	6.40	6.51	6.61	6.72	6.82	6.93	7.04	7.14	7.25	7.35	7.46	7.56	7.67	7.77	7.87	7.98	8.08	8.18	8.28	8.39	8.49	8.59	8.69	8.78	8.88	8.98	9.07	9.17	9.26	9.35	9.44	9.53	9.62	9.70	9.79	9.87	9.95	10.03	10.11	10.19	10.26	10.33	10.40	10.47	10.54	10.61	10.67	10.73	10.79	10.85	10.91	10.97	11.02	11.07	11.13	11.18	11.23	11.27	11.32	11.37	11.41	11.45	11.50	11.54	11.58	11.62	11.66	11.70	11.74	11.78	11.82	11.86	11.90	11.94	11.98
4.83	4.93	5.04	5.15	5.26	5.37	5.47	5.58	5.69	5.80	5.90	6.01	6.12	6.23	6.33	6.44	6.55	6.66	6.77	6.87	6.98	7.09	7.20	7.31	7.41	7.52	7.63	7.74	7.84	7.95	8.06	8.16	8.27	8.37	8.48	8.58	8.68	8.79	8.89	8.99	9.09	9.19	9.28	9.38	9.47	9.57	9.66	9.75	9.84	9.93	10.01	10.10	10.18	10.26	10.34	10.42	10.50	10.57	10.65	10.72	10.79	10.86	10.92	10.99	11.05	11.11	11.17	11.23	11.28	11.34	11.39	11.45	11.50	11.55	11.60	11.64	11.69	11.73	11.78	11.82	11.87	11.91	11.95	11.99	12.03	12.07	12.11	12.15	12.20	12.24	12.28
4.93	5.04	5.15	5.26	5.37	5.48	5.59	5.70	5.81	5.92	6.03	6.14	6.25	6.36	6.47	6.59	6.70	6.81	6.92	7.03	7.14	7.25	7.36	7.47	7.58	7.69	7.80	7.91	8.02	8.13	8.24	8.35	8.46	8.56	8.67	8.78	8.88	8.99	9.09	9.19	9.29	9.40	9.49	9.59	9.69	9.79	9.88	9.97	10.06	10.15	10.24	10.33	10.41	10.50	10.58	10.66	10.74	10.82	10.89	10.96	11.04	11.11	11.17	11.24	11.30	11.37	11.43	11.49	11.55	11.61	11.66	11.72	11.77	11.82	11.87	11.92	11.97	12.02	12.06	12.11	12.15	12.20	12.24	12.28	12.33	12.37	12.41	12.45	12.49	12.54	12.58
5.02	5.14	5.25	5.36	5.48	5.59	5.71	5.82	5.93	6.05	6.16	6.27	6.39	6.50	6.61	6.73	6.84	6.95	7.07	7.18	7.30	7.41	7.52	7.64	7.75	7.86	7.98	8.09	8.20	8.31	8.42	8.53	8.65	8.75	8.86	8.97	9.08	9.19	9.29	9.40	9.50	9.60	9.71	9.81	9.90	10.00	10.10	10.19	10.29	10.38	10.47	10.56	10.65	10.73	10.82	10.90	10.98	11.06	11.13	11.21	11.28	11.35	11.42	11.49	11.56	11.63	11.69	11.75	11.81	11.87	11.93	11.99	12.04	12.09	12.15	12.20	12.25	12.30	12.35	12.39	12.44	12.49	12.53	12.58	12.62	12.67	12.71	12.75	12.80	12.84	12.88
5.12	5.24	5.35	5.47	5.59	5.70	5.82	5.94	6.05	6.17	6.29	6.40	6.52	6.64	6.75	6.87	6.99	7.10	7.22	7.34	7.45	7.57	7.68	7.80	7.92	8.03	8.15	8.26	8.38	8.49	8.61	8.72	8.83	8.94	9.06	9.17	9.28	9.39	9.49	9.60	9.71	9.81	9.92	10.02	10.12	10.22	10.32	10.41	10.51	10.60	10.70	10.79	10.88	10.96	11.05	11.13	11.22	11.30	11.38	11.45	11.53	11.60	11.68	11.75	11.82	11.88	11.95	12.01	12.08	12.14	12.20	12.26	12.31	12.37	12.42	12.48	12.53	12.58	12.63	12.68	12.73	12.78	12.82	12.87	12.92	12.96	13.01	13.05	13.10	13.14	13.19
5.22	5.34	5.46	5.58	5.69	5.81	5.93	6.05	6.17	6.29	6.41	6.53	6.65	6.77	6.89	7.01	7.13	7.25	7.37	7.49	7.61	7.73	7.85	7.96	8.08	8.20	8.32	8.44	8.56	8.67	8.79	8.90	9.02	9.13	9.25	9.36	9.47	9.58	9.70	9.80	9.91	10.02	10.13	10.23	10.33	10.44	10.54	10.64	10.73	10.83	10.92	11.02	11.11	11.20	11.29	11.37	11.46	11.54	11.62	11.70	11.78	11.85	11.93	12.00	12.07	12.14	12.21	12.28	12.34	12.40	12.47	12.53	12.59	12.64	12.70	12.76	12.81	12.86	12.92	12.97	13.02	13.07	13.12	13.16	13.21	13.26	13.31	13.35	13.40	13.45	13.49
5.31	5.43	5.56	5.68	5.80	5.92	6.05	6.17	6.29	6.41	6.54	6.66	6.78	6.90	7.03	7.15	7.27	7.39	7.52	7.64	7.76	7.88	8.01	8.13	8.25	8.37	8.49	8.61	8.73	8.85	8.97	9.09	9.21	9.32	9.44	9.56	9.67	9.78	9.90	10.01	10.12	10.23	10.34	10.44	10.55	10.65	10.75	10.86	10.96	11.05	11.15	11.25	11.34	11.43	11.52	11.61	11.70	11.78	11.86	11.95	12.03	12.10	12.18	12.26	12.33	12.40	12.47	12.54	12.61	12.67	12.74	12.80	12.86	12.92	12.98	13.04	13.09	13.15	13.20	13.25	13.31	13.36	13.41	13.46	13.51	13.56	13.61	13.66	13.70	13.75	13.80
5.40	5.53	5.66	5.78	5.91	6.03	6.16	6.28	6.41	6.53	6.66	6.79	6.91	7.04	7.16	7.29	7.41	7.54	7.66	7.79	7.92	8.04	8.17	8.29	8.41	8.54	8.66	8.78	8.91	9.03	9.15	9.27	9.39	9.51	9.63	9.75	9.87	9.98	10.10	10.21	10.32	10.43	10.54	10.65	10.76	10.87	10.97	11.08	11.18	11.28	11.38	11.47	11.57	11.66	11.76	11.85	11.94	12.02	12.11	12.19	12.27	12.35	12.43	12.51	12.59	12.66	12.73	12.80	12.87	12.94	13.01	13.07	13.13	13.20	13.26	13.32	13.37	13.43	13.49	13.54	13.60	13.65	13.70	13.76	13.81	13.86	13.91	13.96	14.01	14.06	14.11
5.50	5.63	5.75	5.88	6.01	6.14	6.27	6.40	6.52	6.65	6.78	6.91	7.04	7.17	7.30	7.43	7.55	7.68	7.81	7.94	8.07	8.20	8.32	8.45	8.58	8.71	8.83	8.96	9.08	9.21	9.33	9.46	9.58	9.70	9.82	9.94	10.06	10.18	10.30	10.41	10.53	10.64	10.75	10.87	10.98	11.08	11.19	11.30	11.40	11.50	11.60	11.70	11.80	11.90	11.99	12.08	12.18	12.26	12.35	12.44	12.52	12.60	12.69	12.76	12.84	12.92	12.99	13.07	13.14	13.21	13.27	13.34	13.41	13.47	13.53	13.60	13.66	13.72	13.77	13.83	13.89	13.94	14.00	14.05	14.11	14.16	14.21	14.26	14.31	14.37	14.42
5.59	5.72	5.85	5.98	6.11	6.25	6.38	6.51	6.64	6.77	6.90	7.04	7.17	7.30	7.43	7.56	7.70	7.83	7.96	8.09	8.22	8.35	8.48	8.61	8.74	8.87	9.00	9.13	9.26	9.39	9.51	9.64	9.76	9.89	10.01	10.13	10.26	10.38	10.50	10.61	10.73	10.85	10.96	11.08	11.19	11.30	11.41	11.52	11.62	11.73	11.83	11.93	12.03	12.13	12.23	12.32	12.41	12.51	12.60	12.68	12.77	12.85	12.94	13.02	13.10	13.18	13.25	13.33	13.40	13.47	13.54	13.61	13.68	13.75	13.81	13.88	13.94	14.00	14.06	14.12	14.18	14.24	14.29	14.35	14.41	14.46	14.51	14.57	14.62	14.67	14.72
5.68	5.81	5.95	6.08	6.22	6.35	6.49	6.62	6.76	6.89	7.03	7.16	7.30	7.43	7.57	7.70	7.83	7.97	8.10	8.24	8.37	8.51	8.64	8.77	8.91	9.04	9.17	9.30	9.43	9.56	9.69	9.82	9.95	10.07	10.20	10.33	10.45	10.57	10.69	10.82	10.94	11.05	11.17	11.29	11.40	11.51	11.63	11.73	11.84	11.95	12.06	12.16	12.26	12.36	12.46	12.56	12.65	12.75	12.84	12.93	13.02	13.10	13.19	13.27	13.35	13.44	13.51	13.59	13.67	13.74	13.81	13.89	13.96	14.02	14.09	14.16	14.22	14.29	14.35	14.41	14.47	14.53	14.59	14.65	14.70	14.76	14.82	14.87	14.93	14.98	15.03
5.77	5.91	6.04	6.18	6.32	6.46	6.59	6.73	6.87	7.01	7.15	7.28	7.42	7.56	7.70	7.84	7.97	8.11	8.25	8.39	8.52	8.66	8.80	8.93	9.07	9.20	9.34	9.47	9.61	9.74	9.87	10.00	10.13	10.26	10.39	10.52	10.64	10.77	10.89	11.02	11.14	11.26	11.38	11.50	11.61	11.73	11.84	11.95	12.06	12.17	12.28	12.39	12.49	12.59	12.69	12.79	12.89	12.99	13.08	13.17	13.26	13.35	13.44	13.53	13.61	13.69	13.77	13.85	13.93	14.01	14.08	14.16	14.23	14.30	14.37	14.44	14.51	14.57	14.64	14.70	14.76	14.82	14.88	14.94	15.00	15.06	15.12	15.18	15.23	15.29	15.34
5.86	6.00	6.14	6.28	6.42	6.56	6.70	6.84	6.98	7.12	7.26	7.41	7.55	7.69	7.83	7.97	8.11	8.25	8.39	8.53	8.67	8.81	8.95	9.09	9.23	9.37	9.51	9.64	9.78	9.91	10.05	10.18	10.31	10.45	10.58	10.71	10.84	10.96	11.09	11.22	11.34	11.46	11.59	11.71	11.82	11.94	12.06	12.17	12.28	12.40	12.51	12.61	12.72	12.82	12.93	13.03	13.13	13.23	13.32	13.42	13.51	13.60	13.69	13.78	13.87	13.95	14.03	14.12	14.20	14.28	14.35	14.43	14.50	14.58	14.65	14.72	14.79	14.86	14.92	14.99	15.05	15.12	15.18	15.24	15.30	15.36	15.42	15.48	15.54	15.60	15.65
5.94	6.09	6.23	6.37	6.52	6.66	6.81	6.95	7.09	7.24	7.38	7.53	7.67	7.82	7.96	8.11	8.25	8.39	8.54	8.68	8.82	8.97	9.11	9.25	9.39	9.53	9.67	9.81	9.95	10.09	10.23	10.36	10.50	10.63	10.77	10.90	11.03	11.16	11.29	11.42	11.54	11.67	11.79	11.91	12.03	12.15	12.27	12.39	12.50	12.62	12.73	12.84	12.95	13.05	13.16	13.26	13.37	13.47	13.56	13.66	13.76	13.85	13.94	14.03	14.12	14.21	14.29	14.38	14.46	14.54	14.62	14.70	14.78	14.85	14.93	15.00	15.07	15.14	15.21	15.28	15.34	15.41	15.48	15.54	15.60	15.66	15.73	15.79	15.85	15.91	15.96
6.03	6.18	6.32	6.47	6.62	6.76	6.91	7.06	7.21	7.35	7.50	7.65	7.80	7.94	8.09	8.24	8.39	8.53	8.68	8.83	8.97	9.12	9.26	9.41	9.55	9.69	9.84	9.98	10.12	10.26	10.40	10.54	10.68	10.82	10.95	11.09	11.22	11.35	11.48	11.61	11.74	11.87	12.00	12.12	12.24	12.37	12.49	12.61	12.72	12.84	12.95	13.06	13.18	13.28	13.39	13.50	13.60	13.70	13.81	13.90	14.00	14.10	14.19	14.28	14.38	14.47	14.55	14.64	14.72	14.81	14.89	14.97	15.05	15.13	15.20	15.28	15.35	15.43	15.50	15.57	15.64	15.70	15.77	15.84	15.90	15.97	16.03	16.09	16.15	16.21	16.27
6.12	6.27	6.42	6.57	6.72	6.87	7.02	7.17	7.32	7.47	7.62	7.77	7.92	8.07	8.22	8.37	8.52	8.67	8.82	8.97	9.12	9.27	9.42	9.56	9.71	9.86	10.00	10.15	10.29	10.44	10.58	10.72	10.86	11.00	11.14	11.28	11.41	11.55	11.68	11.81	11.94	12.07	12.20	12.33	12.45	12.58	12.70	12.82	12.94	13.06	13.17	13.29	13.40	13.51	13.62	13.73	13.84	13.94	14.05	14.15	14.25	14.34	14.44	14.54	14.63	14.72	14.81	14.90	14.99	15.07	15.16	15.24	15.32	15.40	15.48	15.56	15.63	15.71	15.78	15.86	15.93	16.00	16.07	16.13	16.20	16.27	16.33	16.40	16.46	16.52	16.58
6.20	6.35	6.51	6.66	6.81	6.97	7.12	7.27	7.43	7.58	7.73	7.89	8.04	8.20	8.35	8.50	8.66	8.81	8.96	9.11	9.27	9.42	9.57	9.72	9.87	10.02	10.17	10.31	10.46	10.61	10.75	10.90	11.04	11.18	11.32	11.46	11.60	11.74	11.87	12.01	12.14	12.27	12.41	12.53	12.66	12.79	12.91	13.04	13.16	13.28	13.40	13.51	13.63	13.74	13.85	13.96	14.07	14.18	14.28	14.39	14.49	14.59	14.69	14.79	14.88	14.98	15.07	15.16	15.25	15.34	15.43	15.51	15.59	15.68	15.76	15.84	15.92	15.99	16.07	16.14	16.22	16.29	16.36	16.43	16.50	16.57	16.64	16.70	16.77	16.83	16.89
6.29	6.44	6.60	6.75	6.91	7.07	7.22	7.38	7.54	7.69	7.85	8.01	8.16	8.32	8.48	8.63	8.79	8.95	9.10	9.26	9.41	9.57	9.72	9.87	10.03	10.18	10.33	10.48	10.63	10.78	10.93	11.07	11.22	11.36	11.51	11.65	11.79	11.93	12.07	12.21	12.34	12.48	12.61	12.74	12.87	13.00	13.12	13.25	13.37	13.50	13.62	13.74	13.85	13.97	14.08	14.20	14.31	14.42	14.52	14.63	14.73	14.84	14.94	15.04	15.14	15.23	15.33	15.42	15.51	15.60	15.69	15.78	15.87	15.95	16.03	16.12	16.20	16.28	16.35	16.43	16.51	16.58	16.65	16.73	16.80	16.87	16.94	17.01	17.07	17.14	17.20
6.37	6.53	6.69	6.84	7.00	7.16	7.32	7.48	7.64	7.80	7.96	8.12	8.28	8.45	8.61	8.76	8.92	9.08	9.24	9.40	9.56	9.72	9.87	10.03	10.18	10.34	10.49	10.65	10.80	10.95	11.10	11.25	11.40	11.54	11.69	11.84	11.98	12.12	12.26	12.40	12.54	12.68	12.81	12.94	13.08	13.21	13.34	13.46	13.59	13.71	13.84	13.96	14.08	14.20	14.31	14.43	14.54	14.65	14.76	14.87	14.98	15.08	15.18	15.29	15.39	15.49	15.58	15.68	15.77	15.87	15.96	16.05	16.14	16.22	16.31	16.39	16.48	16.56	16.64	16.72	16.80	16.87	16.95	17.02	17.10	17.17	17.24	17.31	17.38	17.45	17.51
6.45	6.61	6.77	6.94	7.10	7.26	7.42	7.59	7.75	7.91	8.08	8.24	8.41	8.57	8.73	8.89	9.06	9.22	9.38	9.54	9.70	9.86	10.02	10.18	10.34	10.50	10.66	10.81	10.97	11.12	11.27	11.42	11.58	11.72	11.87	12.02	12.17	12.31	12.45	12.59	12.73	12.87	13.01	13.15	13.28	13.41	13.55	13.68	13.80	13.93	14.05	14.18	14.30	14.42	14.54	14.66	14.77	14.88	15.00	15.11	15.22	15.32	15.43	15.53	15.64	15.74	15.84	15.94	16.03	16.13	16.22	16.31	16.41	16.49	16.58	16.67	16.76	16.84	16.92	17.00	17.08	17.16	17.24	17.32	17.39	17.47	17.54	17.61	17.68	17.75	17.82
6.53	6.70	6.86	7.03	7.19	7.36	7.53	7.69	7.86	8.02	8.19	8.36	8.52	8.69	8.86	9.02	9.19	9.35	9.52	9.68	9.85	10.01	10.17	10.34	10.50	10.66	10.82	10.97	11.13	11.29	11.44	11.60	11.75	11.90	12.05	12.20	12.35	12.50	12.64	12.79	12.93	13.07	13.21	13.35	13.49	13.62	13.75	13.89	14.02	14.15	14.27	14.40	14.52	14.64	14.77	14.88	15.00	15.12	15.23	15.35	15.46	15.57	15.67	15.78	15.89	15.99	16.09	16.19	16.29	16.39	16.49	16.58	16.67	16.77	16.86	16.95	17.03	17.12	17.20	17.29	17.37	17.45	17.53	17.61	17.69	17.77	17.84	17.91	17.99	18.06	18.13
6.61	6.78	6.95	7.12	7.29	7.46	7.63	7.79	7.96	8.13	8.30	8.47	8.64	8.81	8.98	9.15	9.32	9.49	9.66	9.82	9.99	10.16	10.32	10.49	10.65	10.81	10.98	11.14	11.30	11.46	11.61	11.77	11.93	12.08	12.23	12.39	12.54	12.69	12.83	12.98	13.12	13.27	13.41	13.55	13.69	13.83	13.96	14.10	14.23	14.36	14.49	14.62	14.74	14.87	14.99	15.11	15.23	15.35	15.47	15.58	15.70	15.81	15.92	16.03	16.13	16.24	16.34	16.45	16.55	16.65	16.75	16.85	16.94	17.04	17.13	17.22	17.31	17.40	17.49	17.57	17.66	17.74	17.82	17.90	17.98	18.06	18.14	18.22	18.29	18.36	18.44
6.70	6.87	7.04	7.21	7.38	7.55	7.72	7.90	8.07	8.24	8.42	8.59	8.76	8.93	9.11	9.28	9.45	9.62	9.79	9.96	10.13	10.30	10.47	10.64	10.80	10.97	11.14	11.30	11.46	11.62	11.78	11.94	12.10	12.26	12.41	12.57	12.72	12.87	13.02	13.17	13.32	13.46	13.61	13.75	13.89	14.03	14.17	14.30	14.44	14.57	14.70	14.83	14.96	15.09	15.21	15.34	15.46	15.58	15.70	15.82	15.93	16.05	16.16	16.27	16.38	16.49	16.60	16.70	16.81	16.91	17.01	17.11	17.21	17.30	17.40	17.49	17.59	17.68	17.77	17.86	17.94	18.03	18.11	18.20	18.28	18.36	18.44	18.52	18.59	18.67	18.74
6.78	6.95	7.12	7.30	7.47	7.65	7.82	8.00	8.17	8.35	8.53	8.70	8.88	9.05	9.23	9.41	9.58	9.75	9.93	10.10	10.27	10.45	10.62	10.79	10.96	11.13	11.29	11.46	11.63	11.79	11.95	12.11	12.27	12.43	12.59	12.75	12.90	13.06	13.21	13.36	13.51	13.66	13.80	13.95	14.09	14.23	14.37	14.51	14.65	14.78	14.92	15.05	15.18	15.31	15.44	15.56	15.69	15.81	15.93	16.05	16.17	16.29	16.40	16.51	16.63	16.74	16.85	16.95	17.06	17.17	17.27	17.37	17.47	17.57	17.67	17.77	17.86	17.95	18.05	18.14	18.23	18.32	18.40	18.49	18.57	18.65	18.73	18.81	18.89	18.97	19.05
6.86	7.03	7.21	7.39	7.56	7.74	7.92	8.10	8.28	8.46	8.64	8.82	9.00	9.17	9.35	9.53	9.71	9.89	10.06	10.24	10.41	10.59	10.76	10.94	11.11	11.28	11.45	11.62	11.79	11.95	12.12	12.28	12.45	12.61	12.77	12.93	13.09	13.24	13.40	13.55	13.70	13.85	14.00	14.15	14.29	14.43	14.58	14.72	14.86	14.99	15.13	15.26	15.40	15.53	15.66	15.79	15.91	16.04	16.16	16.28	16.40	16.52	16.64	16.76	16.87	16.98	17.10	17.21	17.31	17.42	17.53	17.63	17.74	17.84	17.94	18.04	18.13	18.23	18.32	18.42	18.51	18.60	18.69	18.78	18.86	18.95	19.03	19.11	19.19	19.27	19.35
6.93	7.11	7.29	7.47	7.65	7.84	8.02	8.20	8.38	8.56	8.75	8.93	9.11	9.29	9.47	9.66	9.84	10.02	10.20	10.38	10.55	10.73	10.91	11.08	11.26	11.43	11.61	11.78	11.95	12.12	12.29	12.45	12.62	12.78	12.94	13.11	13.27	13.42	13.58	13.74	13.89	14.04	14.19	14.34	14.49	14.64	14.78	14.92	15.06	15.20	15.34	15.48	15.61	15.75	15.88	16.01	16.14	16.26	16.39	16.51	16.64	16.76	16.88	17.00	17.11	17.23	17.34	17.46	17.57	17.68	17.79	17.89	18.00	18.10	18.20	18.31	18.41	18.50	18.60	18.70	18.79	18.88	18.97	19.06	19.15	19.24	19.32	19.41	19.49	19.57	19.65
7.01	7.20	7.38	7.56	7.75	7.93	8.11	8.30	8.48	8.67	8.86	9.04	9.23	9.41	9.60	9.78	9.96	10.15	10.33	10.51	10.69	10.87	11.05	11.23	11.41	11.59	11.76	11.94	12.11	12.28	12.45	12.62	12.79	12.95	13.12	13.28	13.45	13.61	13.76	13.92	14.08	14.23	14.39	14.54	14.69	14.83	14.98	15.13	15.27	15.41	15.55	15.69	15.83	15.96	16.10	16.23	16.36	16.49	16.62	16.74	16.87	16.99	17.11	17.24	17.35	17.47	17.59	17.70	17.82	17.93	18.04	18.15	18.26	18.36	18.47	18.57	18.68	18.78	18.88	18.97	19.07	19.17	19.26	19.35	19.44	19.53	19.62	19.70	19.79	19.87	19.95
7.09	7.28	7.46	7.65	7.84	8.02	8.21	8.40	8.59	8.78	8.96	9.15	9.34	9.53	9.72	9.90	10.09	10.28	10.46	10.65	10.83	11.01	11.20	11.38	11.56	11.74	11.92	12.09	12.27	12.44	12.62	12.79	12.96	13.13	13.29	13.46	13.62	13.79	13.95	14.11	14.26	14.42	14.58	14.73	14.88	15.03	15.18	15.33	15.47	15.62	15.76	15.90	16.04	16.18	16.31	16.45	16.58	16.71	16.84	16.97	17.10	17.22	17.35	17.47	17.59	17.71	17.83	17.95	18.07	18.18	18.29	18.41	18.52	18.63	18.73	18.84	18.94	19.05	19.15	19.25	19.35	19.45	19.54	19.64	19.73	19.82	19.91	20.00	20.08	20.17	20.25
7.17	7.36	7.55	7.74	7.93	8.12	8.31	8.50	8.69	8.88	9.07	9.26	9.45	9.65	9.84	10.03	10.22	10.40	10.59	10.78	10.97	11.15	11.34	11.52	11.71	11.89	12.07	12.25	12.43	12.60	12.78	12.95	13.12	13.30	13.47	13.63	13.80	13.96	14.13	14.29	14.45	14.61	14.77	14.92	15.07	15.23	15.38	15.53	15.67	15.82	15.96	16.11	16.25	16.39	16.53	16.66	16.80	16.93	17.07	17.20	17.33	17.46	17.58	17.71	17.83	17.95	18.08	18.20	18.31	18.43	18.55	18.66	18.77	18.89	19.00	19.10	19.21	19.32	19.42	19.52	19.62	19.72	19.82	19.92	20.01	20.11	20.20	20.29	20.38	20.46	20.55
7.25	7.44	7.63	7.82	8.01	8.21	8.40	8.60	8.79	8.98	9.18	9.37	9.57	9.76	9.95	10.15	10.34	10.53	10.72	10.91	11.10	11.29	11.48	11.67	11.85	12.04	12.22	12.40	12.58	12.76	12.94	13.12	13.29	13.46	13.64	13.81	13.97	14.14	14.31	14.47	14.63	14.79	14.95	15.11	15.27	15.42	15.57	15.73	15.87	16.02	16.17	16.31	16.46	16.60	16.74	16.88	17.02	17.15	17.29	17.42	17.55	17.68	17.81	17.94	18.07	18.19	18.32	18.44	18.56	18.68	18.80	18.91	19.03	19.14	19.25	19.37	19.48	19.58	19.69	19.80	19.90	20.00	20.10	20.20	20.30	20.39	20.49	20.58	20.67	20.76	20.84
7.32	7.52	7.71	7.91	8.10	8.30	8.50	8.69	8.89	9.09	9.29	9.48	9.68	9.88	10.07	10.27	10.46	10.66	10.85	11.05	11.24	11.43	11.62	11.81	12.00	12.18	12.37	12.56	12.74	12.92	13.10	13.28	13.46	13.63	13.81	13.98	14.15	14.32	14.49	14.65	14.82	14.98	15.14	15.30	15.46	15.61	15.77	15.92	16.07	16.22	16.37	16.52	16.66	16.81	16.95	17.09	17.23	17.37	17.51	17.64	17.78	17.91	18.04	18.17	18.30	18.43	18.55	18.68	18.80	18.92	19.04	19.16	19.28	19.40	19.51	19.63	19.74	19.85	19.96	20.06	20.17	20.28	20.38	20.48	20.58	20.68	20.77	20.87	20.96	21.05	21.14
7.40	7.60	7.79	7.99	8.19	8.39	8.59	8.79	8.99	9.19	9.39	9.59	9.79	9.99	10.19	10.39	10.59	10.78	10.98	11.18	11.37	11.57	11.76	11.95	12.14	12.33	12.52	12.71	12.89	13.08	13.26	13.44	13.62	13.80	13.97	14.15	14.32	14.49	14.66	14.83	15.00	15.16	15.32	15.49	15.65	15.80	15.96	16.12	16.27	16.42	16.57	16.72	16.87	17.02	17.16	17.30	17.45	17.59	17.73	17.86	18.00	18.14	18.27	18.40	18.53	18.66	18.79	18.92	19.04	19.17	19.29	19.41	19.53	19.65	19.77	19.88	20.00	20.11	20.22	20.33	20.44	20.55	20.65	20.76	20.86	20.96	21.05	21.15	21.25	21.34	21.43
7.48	7.68	7.88	8.08	8.28	8.48	8.68	8.89	9.09	9.29	9.50	9.70	9.90	10.10	10.31	10.51	10.71	10.91	11.11	11.31	11.51	11.70	11.90	12.09	12.29	12.48	12.67	12.86	13.05	13.23	13.42	13.60	13.78	13.96	14.14	14.32	14.49	14.67	14.84	15.01	15.18	15.34	15.51	15.67	15.83	15.99	16.15	16.31	16.47	16.62	16.77	16.92	17.07	17.22	17.37	17.51	17.66	17.80	17.94	18.08	18.22	18.36	18.49	18.63	18.76	18.89	19.03	19.15	19.28	19.41	19.53	19.66	19.78	19.90	20.02	20.14	20.26	20.37	20.49	20.60	20.71	20.82	20.92	21.03	21.13	21.24	21.34	21.43	21.53	21.62	21.72
7.55	7.76	7.96	8.16	8.37	8.57	8.78	8.98	9.19	9.40	9.60	9.81	10.01	10.22	10.42	10.63	10.83	11.03	11.24	11.44	11.64	11.84	12.04	12.23	12.43	12.62	12.82	13.01	13.20	13.39	13.57	13.76	13.94	14.12	14.31	14.48	14.66	14.84	15.01	15.18	15.35	15.52	15.69	15.86	16.02	16.18	16.34	16.50	16.66	16.82	16.97	17.12	17.28	17.43	17.57	17.72	17.87	18.01	18.16	18.30	18.44	18.58	18.72	18.85	18.99	19.12	19.26	19.39	19.52	19.65	19.78	19.90	20.03	20.15	20.27	20.39	20.51	20.63	20.75	20.86	20.97	21.09	21.20	21.30	21.41	21.51	21.61	21.72	21.81	21.91	22.00
7.63	7.83	8.04	8.25	8.45	8.66	8.87	9.08	9.29	9.50	9.71	9.91	10.12	10.33	10.54	10.75	10.95	11.16	11.36	11.57	11.77	11.97	12.17	12.37	12.57	12.77	12.96	13.16	13.35	13.54	13.73	13.92	14.10	14.29	14.47	14.65	14.83	15.01	15.18	15.36	15.53	15.70	15.87	16.04	16.20	16.37	16.53	16.69	16.85	17.01	17.17	17.32	17.47	17.63	17.78	17.93	18.08	18.22	18.37	18.51	18.66	18.80	18.94	19.08	19.22	19.35	19.49	19.62	19.75	19.89	20.02	20.14	20.27	20.40	20.52	20.65	20.77	20.89	21.01	21.12	21.24	21.35	21.46	21.57	21.68	21.79	21.89	21.99	22.09	22.19	22.29
7.71	7.91	8.12	8.33	8.54	8.75	8.96	9.17	9.39	9.60	9.81	10.02	10.23	10.44	10.65	10.86	11.07	11.28	11.49	11.69	11.90	12.10	12.31	12.51	12.71	12.91	13.11	13.30	13.50	13.69	13.88	14.07	14.26	14.45	14.63	14.81	15.00	15.18	15.35	15.53	15.70	15.88	16.05	16.22	16.38	16.55	16.72	16.88	17.04	17.20	17.36	17.52	17.67	17.83	17.98	18.13	18.28	18.43	18.58	18.72	18.87	19.01	19.16	19.30	19.44	19.58	19.72	19.85	19.99	20.12	20.25	20.38	20.51	20.64	20.77	20.89	21.02	21.14	21.26	21.38	21.50	21.61	21.73	21.84	21.95	22.06	22.17	22.27	22.37	22.47	22.57
7.78	7.99	8.20	8.42	8.63	8.84	9.06	9.27	9.48	9.70	9.91	10.13	10.34	10.55	10.77	10.98	11.19	11.40	11.61	11.82	12.03	12.24	12.44	12.65	12.85	13.05	13.25	13.45	13.65	13.84	14.03	14.23	14.42	14.61	14.79	14.98	15.16	15.34	15.52	15.70	15.88	16.05	16.22	16.40	16.56	16.73	16.90	17.06	17.23	17.39	17.55	17.71	17.87	18.02	18.18	18.33	18.49	18.64	18.79	18.93	19.08	19.23	19.37	19.52	19.66	19.80	19.94	20.08	20.22	20.35	20.49	20.62	20.75	20.88	21.01	21.14	21.27	21.39	21.52	21.64	21.76	21.87	21.99	22.11	22.22	22.33	22.44	22.54	22.65	22.75	22.85
7.86	8.07	8.28	8.50	8.71	8.93	9.15	9.36	9.58	9.80	10.01	10.23	10.45	10.66	10.88	11.10	11.31	11.52	11.74	11.95	12.16	12.37	12.57	12.78	12.99	13.19	13.39	13.59	13.79	13.99	14.19	14.38	14.57	14.76	14.95	15.14	15.32	15.51	15.69	15.87	16.05	16.22	16.40	16.57	16.74	16.91	17.08	17.25	17.41	17.58	17.74	17.90	18.06	18.22	18.38	18.53	18.69	18.84	18.99	19.14	19.29	19.44	19.59	19.73	19.88	20.02	20.16	20.30	20.44	20.58	20.72	20.86	20.99	21.12	21.25	21.39	21.51	21.64	21.77	21.89	22.01	22.13	22.25	22.37	22.48	22.59	22.71	22.81	22.92	23.02	23.13
7.93	8.15	8.37	8.58	8.80	9.02	9.24	9.46	9.68	9.90	10.12	10.34	10.56	10.77	10.99	11.21	11.43	11.64	11.86	12.07	12.28	12.50	12.71	12.92	13.12	13.33	13.53	13.74	13.94	14.14	14.34	14.53	14.73	14.92	15.11	15.30	15.48	15.67	15.85	16.04	16.22	16.39	16.57	16.75	16.92	17.09	17.26	17.43	17.60	17.76	17.93	18.09	18.25	18.41	18.57	18.73	18.89	19.04	19.19	19.35	19.50	19.65	19.80	19.95	20.09	20.24	20.38	20.53	20.67	20.81	20.95	21.09	21.22	21.36	21.49	21.63	21.76	21.89	22.01	22.14	22.27	22.39	22.51	22.63	22.74	22.86	22.97	23.08	23.19	23.30	23.40
8.01	8.23	8.45	8.67	8.89	9.11	9.33	9.55	9.77	10.00	10.22	10.44	10.66	10.88	11.10	11.32	11.54	11.76	11.98	12.20	12.41	12.63	12.84	13.05	13.26	13.47	13.67	13.88	14.08	14.28	14.48	14.68	14.88	15.07	15.26	15.46	15.64	15.83	16.02	16.20	16.38	16.56	16.74	16.92	17.09	17.27	17.44	17.61	17.78	17.95	18.11	18.28	18.44	18.60	18.76	18.92	19.08	19.24	19.40	19.55	19.70	19.86	20.01	20.16	20.31	20.45	20.60	20.75	20.89	21.03	21.18	21.32	21.46	21.59	21.73	21.86	22.00	22.13	22.26	22.39	22.51	22.64	22.76	22.88	23.00	23.12	23.23	23.35	23.46	23.56	23.67
8.08	8.31	8.53	8.75	8.97	9.20	9.42	9.65	9.87	10.09	10.32	10.54	10.77	10.99	11.22	11.44	11.66	11.88	12.10	12.32	12.54	12.75	12.97	13.18	13.39	13.60	13.81	14.02	14.22	14.43	14.63	14.83	15.03	15.22	15.42	15.61	15.80	15.99	16.18	16.36	16.55	16.73	16.91	17.09	17.27	17.44	17.62	17.79	17.96	18.13	18.30	18.46	18.63	18.79	18.95	19.12	19.28	19.44	19.59	19.75	19.91	20.06	20.21	20.37	20.52	20.67	20.82	20.96	21.11	21.26	21.40	21.54	21.68	21.82	21.96	22.10	22.24	22.37	22.50	22.63	22.76	22.89	23.01	23.14	23.26	23.38	23.49	23.61	23.72	23.83	23.94
8.16	8.38	8.61	8.83	9.06	9.28	9.51	9.74	9.97	10.19	10.42	10.65	10.87	11.10	11.33	11.55	11.78	12.00	12.22	12.44	12.66	12.88	13.10	13.31	13.53	13.74	13.95	14.16	14.37	14.57	14.78	14.98	15.18	15.38	15.57	15.77	15.96	16.15	16.34	16.53	16.71	16.90	17.08	17.26	17.44	17.61	17.79	17.96	18.14	18.31	18.48	18.64	18.81	18.98	19.14	19.31	19.47	19.63	19.79	19.95	20.11	20.26	20.42	20.57	20.73	20.88	21.03	21.18	21.33	21.48	21.62	21.77	21.91	22.05	22.19	22.33	22.47	22.61	22.74	22.88	23.01	23.14	23.26	23.39	23.51	23.63	23.75	23.87	23.98	24.09	24.20
8.24	8.46	8.69	8.92	9.14	9.37	9.60	9.83	10.06	10.29	10.52	10.75	10.98	11.21	11.44	11.66	11.89	12.12	12.34	12.56	12.78	13.01	13.22	13.44	13.66	13.87	14.09	14.30	14.51	14.71	14.92	15.12	15.32	15.52	15.72	15.92	16.11	16.31	16.50	16.69	16.87	17.06	17.24	17.42	17.60	17.78	17.96	18.14	18.31	18.48	18.66	18.83	18.99	19.16	19.33	19.49	19.66	19.82	19.98	20.14	20.30	20.46	20.62	20.78	20.93	21.09	21.24	21.39	21.54	21.69	21.84	21.99	22.13	22.28	22.42	22.56	22.70	22.84	22.98	23.11	23.25	23.38	23.51	23.64	23.76	23.88	24.00	24.12	24.24	24.35	24.46
8.31	8.54	8.77	9.00	9.23	9.46	9.69	9.92	10.16	10.39	10.62	10.85	11.08	11.31	11.54	11.77	12.00	12.23	12.46	12.68	12.91	13.13	13.35	13.57	13.79	14.01	14.22	14.43	14.64	14.85	15.06	15.27	15.47	15.67	15.87	16.07	16.27	16.46	16.65	16.84	17.03	17.22	17.40	17.59	17.77	17.95	18.13	18.31	18.48	18.66	18.83	19.00	19.17	19.34	19.51	19.68	19.84	20.01	20.17	20.34	20.50	20.66	20.82	20.98	21.13	21.29	21.45	21.60	21.75	21.91	22.06	22.21	22.35	22.50	22.65	22.79	22.93	23.07	23.21	23.35	23.49	23.62	23.75	23.88	24.01	24.13	24.26	24.38	24.49	24.61	24.72
8.39	8.62	8.85	9.08	9.31	9.55	9.78	10.02	10.25	10.49	10.72	10.95	11.19	11.42	11.65	11.89	12.12	12.35	12.57	12.80	13.03	13.25	13.48	13.70	13.92	14.14	14.35	14.57	14.78	14.99	15.20	15.41	15.61	15.82	16.02	16.22	16.42	16.61	16.81	17.00	17.19	17.38	17.57	17.75	17.93	18.12	18.30	18.48	18.65	18.83	19.01	19.18	19.35	19.52	19.69	19.86	20.03	20.20	20.36	20.53	20.69	20.85	21.01	21.17	21.33	21.49	21.65	21.81	21.96	22.12	22.27	22.42	22.57	22.72	22.87	23.01	23.16	23.30	23.44	23.58	23.72	23.86	23.99	24.12	24.25	24.38	24.50	24.63	24.74	24.86	24.98
8.46	8.70	8.93	9.16	9.40	9.64	9.87	10.11	10.34	10.58	10.82	11.05	11.29	11.53	11.76	12.00	12.23	12.46	12.69	12.92	13.15	13.38	13.60	13.83	14.05	14.27	14.49	14.70	14.92	15.13	15.34	15.55	15.76	15.96	16.17	16.37	16.57	16.76	16.96	17.15	17.35	17.54	17.72	17.91	18.10	18.28	18.46	18.64	18.82	19.00	19.18	19.35	19.53	19.70	19.87	20.04	20.21	20.38	20.55	20.71	20.88	21.04	21.21	21.37	21.53	21.69	21.85	22.01	22.17	22.32	22.48	22.63	22.78	22.94	23.09	23.23	23.38	23.53	23.67	23.81	23.95	24.09	24.23	24.36	24.49	24.62	24.75	24.87	24.99	25.11	25.23
8.54	8.77	9.01	9.25	9.48	9.72	9.96	10.20	10.44	10.68	10.92	11.16	11.39	11.63	11.87	12.10	12.34	12.57	12.81	13.04	13.27	13.50	13.72	13.95	14.17	14.40	14.62	14.84	15.05	15.27	15.48	15.69	15.90	16.11	16.31	16.51	16.71	16.91	17.11	17.31	17.50	17.69	17.88	18.07	18.26	18.44	18.63	18.81	18.99	19.17	19.35	19.52	19.70	19.87	20.05	20.22	20.39	20.56	20.73	20.90	21.07	21.23	21.40	21.56	21.73	21.89	22.05	22.21	22.37	22.53	22.69	22.84	23.00	23.15	23.30	23.45	23.60	23.75	23.89	24.04	24.18	24.32	24.46	24.59	24.73	24.86	24.99	25.11	25.24	25.36	25.48
8.62	8.85	9.09	9.33	9.57	9.81	10.05	10.29	10.53	10.77	11.01	11.26	11.50	11.74	11.97	12.21	12.45	12.69	12.92	13.15	13.39	13.62	13.85	14.07	14.30	14.52	14.75	14.97	15.18	15.40	15.62	15.83	16.04	16.25	16.45	16.66	16.86	17.06	17.26	17.46	17.65	17.84	18.04	18.23	18.41	18.60	18.79	18.97	19.15	19.33	19.51	19.69	19.87	20.04	20.22	20.39	20.57	20.74	20.91	21.08	21.25	21.42	21.59	21.75	21.92	22.08	22.25	22.41	22.57	22.73	22.89	23.05	23.20	23.36	23.51	23.67	23.82	23.97	24.11	24.26	24.40	24.55	24.69	24.82	24.96	25.09	25.22	25.35	25.48	25.60	25.72
8.69	8.93	9.17	9.41	9.65	9.90	10.14	10.38	10.63	10.87	11.11	11.36	11.60	11.84	12.08	12.32	12.56	12.80	13.04	13.27	13.50	13.74	13.97	14.20	14.42	14.65	14.87	15.10	15.32	15.53	15.75	15.96	16.18	16.39	16.59	16.80	17.00	17.21	17.41	17.60	17.80	18.00	18.19	18.38	18.57	18.76	18.94	19.13	19.31	19.50	19.68	19.86	20.04	20.21	20.39	20.57	20.74	20.92	21.09	21.26	21.43	21.60	21.77	21.94	22.11	22.27	22.44	22.60	22.77	22.93	23.09	23.25	23.41	23.57	23.72	23.88	24.03	24.18	24.33	24.48	24.63	24.77	24.91	25.05	25.19	25.32	25.46	25.59	25.71	25.84	25.96
8.77	9.01	9.25	9.50	9.74	9.98	10.23	10.47	10.72	10.96	11.21	11.45	11.70	11.94	12.19	12.43	12.67	12.91	13.15	13.39	13.62	13.86	14.09	14.32	14.55	14.78	15.00	15.22	15.45	15.67	15.88	16.10	16.31	16.52	16.73	16.94	17.15	17.35	17.55	17.75	17.95	18.14	18.34	18.53	18.72	18.91	19.10	19.29	19.47	19.66	19.84	20.02	20.20	20.38	20.56	20.74	20.91	21.09	21.26	21.44	21.61	21.78	21.95	22.12	22.29	22.46	22.63	22.79	22.96	23.12	23.29	23.45	23.61	23.77	23.93	24.08	24.24	24.39	24.55	24.70	24.84	24.99	25.13	25.28	25.42	25.55	25.69	25.82	25.95	26.07	26.20
8.85	9.09	9.33	9.58	9.82	10.07	10.32	10.56	10.81	11.06	11.31	11.55	11.80	12.05	12.29	12.53	12.78	13.02	13.26	13.50	13.74	13.97	14.21	14.44	14.67	14.90	15.13	15.35	15.57	15.80	16.01	16.23	16.45	16.66	16.87	17.08	17.29	17.49	17.69	17.89	18.09	18.29	18.49	18.68	18.87	19.06	19.25	19.44	19.63	19.81	20.00	20.18	20.36	20.54	20.72	20.90	21.08	21.26	21.43	21.61	21.78	21.96	22.13	22.30	22.47	22.64	22.81	22.98	23.15	23.32	23.48	23.65	23.81	23.97	24.13	24.29	24.45	24.60	24.76	24.91	25.06	25.21	25.35	25.50	25.64	25.78	25.91	26.05	26.18	26.31	26.43
8.92	9.17	9.41	9.66	9.91	10.16	10.41	10.66	10.90	11.15	11.40	11.65	11.90	12.15	12.39	12.64	12.89	13.13	13.37	13.61	13.85	14.09	14.33	14.56	14.79	15.02	15.25	15.48	15.70	15.92	16.14	16.36	16.58	16.79	17.01	17.22	17.42	17.63	17.83	18.04	18.24	18.44	18.63	18.83	19.02	19.21	19.41	19.60	19.78	19.97	20.16	20.34	20.52	20.71	20.89	21.07	21.25	21.43	21.60	21.78	21.96	22.13	22.31	22.48	22.65	22.83	23.00	23.17	23.34	23.50	23.67	23.84	24.00	24.17	24.33	24.49	24.65	24.81	24.96	25.12	25.27	25.42	25.57	25.71	25.86	26.00	26.14	26.27	26.40	26.53	26.66
9.00	9.25	9.50	9.74	9.99	10.24	10.50	10.75	11.00	11.25	11.50	11.75	12.00	12.25	12.50	12.75	12.99	13.24	13.48	13.72	13.96	14.20	14.44	14.68	14.91	15.14	15.37	15.60	15.83	16.05	16.27	16.49	16.71	16.93	17.14	17.35	17.56	17.77	17.97	18.18	18.38	18.58	18.78	18.97	19.17	19.36	19.55	19.75	19.94	20.12	20.31	20.50	20.68	20.87	21.05	21.23	21.41	21.59	21.77	21.95	22.13	22.30	22.48	22.66	22.83	23.00	23.18	23.35	23.52	23.69	23.86	24.03	24.19	24.36	24.52	24.69	24.85	25.01	25.17	25.32	25.48	25.63	25.78	25.93	26.07	26.21	26.35	26.49	26.63	26.76	26.89
9.08	9.33	9.58	9.83	10.08	10.33	10.58	10.84	11.09	11.34	11.60	11.85	12.10	12.35	12.60	12.85	13.10	13.35	13.59	13.83	14.08	14.32	14.56	14.79	15.03	15.26	15.49	15.72	15.95	16.18	16.40	16.62	16.84	17.06	17.27	17.48	17.69	17.90	18.11	18.32	18.52	18.72	18.92	19.12	19.31	19.51	19.70	19.89	20.08	20.27	20.46	20.65	20.84	21.02	21.21	21.39	21.57	21.75	21.93	22.11	22.29	22.47	22.65	22.83	23.00	23.18	23.35	23.53	23.70	23.87	24.04	24.21	24.38	24.55	24.72	24.88	25.04	25.21	25.37	25.52	25.68	25.83	25.99	26.14	26.28	26.43	26.57	26.71	26.84	26.98	27.11
9.16	9.41	9.66	9.91	10.16	10.42	10.67	10.93	11.18	11.44	11.69	11.94	12.20	12.45	12.70	12.95	13.20	13.45	13.70	13.94	14.19	14.43	14.67	14.91	15.15	15.38	15.62	15.85	16.07	16.30	16.53	16.75	16.97	17.19	17.40	17.62	17.83	18.04	18.25	18.45	18.66	18.86	19.06	19.26	19.46	19.65	19.85	20.04	20.23	20.42	20.61	20.80	20.99	21.18	21.36	21.55	21.73	21.91	22.10	22.28	22.46	22.64	22.82	23.00	23.17	23.35	23.53	23.70	23.88	24.05	24.23	24.40	24.57	24.74	24.91	25.07	25.24	25.40	25.56	25.72	25.88	26.04	26.19	26.34	26.49	26.64	26.78	26.92	27.06	27.19	27.33
9.24	9.49	9.74	9.99	10.25	10.50	10.76	11.02	11.27	11.53	11.79	12.04	12.30	12.55	12.80	13.06	13.31	13.56	13.81	14.05	14.30	14.54	14.79	15.03	15.26	15.50	15.73	15.97	16.20	16.42	16.65	16.87	17.09	17.31	17.53	17.75	17.96	18.17	18.38	18.59	18.79	18.99	19.20	19.40	19.60	19.79	19.99	20.18	20.38	20.57	20.76	20.95	21.14	21.33	21.51	21.70	21.88	22.07	22.25	22.44	22.62	22.80	22.98	23.16	23.34	23.52	23.70	23.88	24.05	24.23	24.40	24.58	24.75	24.92	25.09	25.26	25.43	25.59	25.75	25.92	26.08	26.23	26.39	26.54	26.69	26.84	26.99	27.13	27.27	27.41	27.54
9.31	9.57	9.82	10.08	10.33	10.59	10.85	11.11	11.36	11.62	11.88	12.14	12.39	12.65	12.91	13.16	13.41	13.66	13.91	14.16	14.41	14.65	14.90	15.14	15.38	15.62	15.85	16.08	16.32	16.54	16.77	17.00	17.22	17.44	17.66	17.87	18.09	18.30	18.51	18.72	18.92	19.13	19.33	19.53	19.73	19.93	20.13	20.32	20.52	20.71	20.90	21.10	21.29	21.47	21.66	21.85	22.04	22.22	22.41	22.59	22.78	22.96	23.14	23.33	23.51	23.69	23.87	24.05	24.22	24.40	24.58	24.75	24.93	25.10	25.27	25.44	25.61	25.78	25.94	26.11	26.27	26.43	26.59	26.74	26.89	27.04	27.19	27.33	27.48	27.61	27.75
9.39	9.65	9.90	10.16	10.42	10.68	10.94	11.20	11.46	11.72	11.97	12.23	12.49	12.75	13.01	13.26	13.52	13.77	14.02	14.27	14.52	14.76	15.01	15.25	15.49	15.73	15.97	16.20	16.43	16.66	16.89	17.12	17.34	17.56	17.78	18.00	18.21	18.43	18.64	18.85	19.06	19.26	19.47	19.67	19.87	20.07	20.27	20.46	20.66	20.85	21.05	21.24	21.43	21.62	21.81	22.00	22.19	22.37	22.56	22.75	22.93	23.12	23.30	23.49	23.67	23.85	24.03	24.21	24.39	24.57	24.75	24.93	25.10	25.28	25.45	25.62	25.79	25.96	26.13	26.29	26.46	26.62	26.78	26.93	27.09	27.24	27.39	27.53	27.68	27.82	27.95
9.47	9.73	9.99	10.24	10.50	10.76	11.03	11.29	11.55	11.81	12.07	12.33	12.59	12.85	13.11	13.36	13.62	13.87	14.12	14.38	14.63	14.87	15.12	15.36	15.60	15.84	16.08	16.32	16.55	16.78	17.01	17.24	17.46	17.68	17.91	18.12	18.34	18.55	18.77	18.98	19.18	19.39	19.60	19.80	20.00	20.20	20.40	20.60	20.80	20.99	21.19	21.38	21.57	21.76	21.95	22.14	22.33	22.52	22.71	22.90	23.09	23.27	23.46	23.64	23.83	24.01	24.19	24.38	24.56	24.74	24.92	25.10	25.27	25.45	25.62	25.80	25.97	26.14	26.31	26.48	26.64	26.81	26.97	27.12	27.28	27.43	27.58	27.73	27.88	28.02	28.16
9.55	9.81	10.07	10.33	10.59	10.85	11.11	11.38	11.64	11.90	12.16	12.42	12.69	12.95	13.20	13.46	13.72	13.97	14.23	14.48	14.73	14.98	15.23	15.47	15.72	15.96	16.20	16.43	16.67	16.90	17.13	17.36	17.58	17.81	18.03	18.25	18.46	18.68	18.89	19.10	19.31	19.52	19.73	19.93	20.13	20.33	20.53	20.73	20.93	21.13	21.32	21.52	21.71	21.90	22.10	22.29	22.48	22.67	22.86	23.05	23.23	23.42	23.61	23.80	23.98	24.17	24.35	24.54	24.72	24.90	25.08	25.26	25.44	25.62	25.80	25.97	26.15	26.32	26.49	26.66	26.82	26.99	27.15	27.31	27.47	27.62	27.78	27.92	28.07	28.21	28.35
9.63	9.89	10.15	10.41	10.68	10.94	11.20	11.47	11.73	11.99	12.26	12.52	12.78	13.04	13.30	13.56	13.82	14.08	14.33	14.59	14.84	15.09	15.34	15.58	15.83	16.07	16.31	16.55	16.78	17.01	17.24	17.47	17.70	17.92	18.15	18.37	18.58	18.80	19.01	19.23	19.44	19.65	19.85	20.06	20.26	20.46	20.67	20.87	21.06	21.26	21.46	21.65	21.85	22.04	22.24	22.43	22.62	22.81	23.00	23.19	23.38	23.57	23.76	23.95	24.13	24.32	24.51	24.69	24.88	25.06	25.24	25.42	25.61	25.79	25.96	26.14	26.32	26.49	26.66	26.83	27.00	27.17	27.33	27.49	27.65	27.81	27.96	28.11	28.26	28.41	28.55
9.71	9.97	10.23	10.50	10.76	11.03	11.29	11.55	11.82	12.08	12.35	12.61	12.88	13.14	13.40	13.66	13.92	14.18	14.43	14.69	14.94	15.19	15.44	15.69	15.93	16.18	16.42	16.66	16.89	17.13	17.36	17.59	17.82	18.04	18.26	18.49	18.70	18.92	19.14	19.35	19.56	19.77	19.98	20.18	20.39	20.59	20.79	20.99	21.19	21.39	21.59	21.79	21.98	22.18	22.37	22.57	22.76	22.95	23.14	23.33	23.53	23.72	23.91	24.09	24.28	24.47	24.66	24.85	25.03	25.22	25.40	25.58	25.77	25.95	26.13	26.31	26.48	26.66	26.83	27.01	27.18	27.34	27.51	27.67	27.83	27.99	28.15	28.30	28.45	28.59	28.74
9.79	10.05	10.32	10.58	10.85	11.11	11.38	11.64	11.91	12.18	12.44	12.71	12.97	13.24	13.50	13.76	14.02	14.28	14.54	14.79	15.05	15.30	15.55	15.80	16.04	16.29	16.53	16.77	17.00	17.24	17.47	17.70	17.93	18.16	18.38	18.60	18.82	19.04	19.26	19.47	19.68	19.89	20.10	20.31	20.51	20.72	20.92	21.12	21.32	21.52	21.72	21.92	22.11	22.31	22.51	22.70	22.90	23.09	23.28	23.47	23.67	23.86	24.05	24.24	24.43	24.62	24.81	25.00	25.18	25.37	25.56	25.74	25.92	26.11	26.29	26.47	26.65	26.82	27.00	27.17	27.35	27.51	27.68	27.85	28.01	28.17	28.33	28.48	28.63	28.78	28.92
9.87	10.14	10.40	10.67	10.93	11.20	11.47	11.73	12.00	12.27	12.53	12.80	13.07	13.33	13.60	13.86	14.12	14.38	14.64	14.89	15.15	15.40	15.65	15.90	16.15	16.39	16.64	16.88	17.11	17.35	17.58	17.81	18.04	18.27	18.50	18.72	18.94	19.16	19.37	19.59	19.80	20.01	20.22	20.43	20.64	20.84	21.04	21.25	21.45	21.65	21.85	22.05	22.24	22.44	22.64	22.83	23.03	23.22	23.42	23.61	23.80	24.00	24.19	24.38	24.57	24.76	24.95	25.14	25.33	25.52	25.71	25.89	26.08	26.26	26.45	26.63	26.81	26.99	27.16	27.34	27.51	27.68	27.85	28.02	28.18	28.34	28.50	28.66	28.81	28.96	29.10
9.95	10.22	10.48	10.75	11.02	11.29	11.55	11.82	12.09	12.36	12.63	12.89	13.16	13.43	13.69	13.96	14.22	14.48	14.74	14.99	15.25	15.50	15.76	16.01	16.25	16.50	16.74	16.98	17.22	17.46	17.69	17.93	18.15	18.38	18.61	18.83	19.05	19.27	19.49	19.70	19.92	20.13	20.34	20.55	20.76	20.96	21.17	21.37	21.57	21.77	21.97	22.17	22.37	22.57	22.77	22.96	23.16	23.35	23.55	23.74	23.94	24.13	24.33	24.52	24.71	24.90	25.10	25.29	25.48	25.67	25.85	26.04	26.23	26.41	26.60	26.78	26.96	27.14	27.32	27.50	27.67	27.85	28.02	28.18	28.35	28.51	28.67	28.83	28.98	29.13	29.28
10.04	10.30	10.57	10.84	11.10	11.37	11.64	11.91	12.18	12.45	12.72	12.99	13.25	13.52	13.79	14.05	14.31	14.58	14.84	15.10	15.35	15.61	15.86	16.11	16.36	16.60	16.85	17.09	17.33	17.57	17.80	18.03	18.26	18.49	18.72	18.94	19.16	19.38	19.60	19.82	20.03	20.25	20.46	20.67	20.87	21.08	21.29	21.49	21.69	21.89	22.10	22.30	22.50	22.69	22.89	23.09	23.29	23.48	23.68	23.88	24.07	24.27	24.46	24.66	24.85	25.04	25.23	25.43	25.62	25.81	26.00	26.19	26.38	26.56	26.75	26.93	27.12	27.30	27.48	27.66	27.83	28.01	28.18	28.35	28.51	28.68	28.84	29.00	29.15	29.30	29.45
10.12	10.38	10.65	10.92	11.19	11.46	11.73	12.00	12.27	12.54	12.81	13.08	13.35	13.62	13.88	14.15	14.41	14.67	14.94	15.19	15.45	15.71	15.96	16.21	16.46	16.71	16.95	17.19	17.44	17.67	17.91	18.14	18.37	18.60	18.83	19.05	19.28	19.50	19.71	19.93	20.15	20.36	20.57	20.78	20.99	21.20	21.40	21.61	21.81	22.01	22.22	22.42	22.62	22.82	23.02	23.21	23.41	23.61	23.81	24.00	24.20	24.40	24.59	24.79	24.98	25.18	25.37	25.56	25.76	25.95	26.14	26.33	26.52	26.71	26.90	27.08	27.27	27.45	27.63	27.81	27.99	28.16	28.34	28.51	28.68	28.84	29.00	29.16	29.32	29.47	29.62
10.20	10.47	10.74	11.01	11.28	11.55	11.82	12.09	12.36	12.63	12.90	13.17	13.44	13.71	13.98	14.24	14.51	14.77	15.03	15.29	15.55	15.81	16.06	16.31	16.56	16.81	17.06	17.30	17.54	17.78	18.01	18.25	18.48	18.71	18.94	19.16	19.38	19.61	19.82	20.04	20.26	20.47	20.68	20.89	21.10	21.31	21.52	21.72	21.93	22.13	22.33	22.54	22.74	22.94	23.14	23.34	23.54	23.73	23.93	24.13	24.33	24.52	24.72	24.92	25.11	25.31	25.50	25.70	25.89	26.09	26.28	26.47	26.66	26.85	27.04	27.23	27.41	27.60	27.78	27.96	28.14	28.32	28.49	28.66	28.83	29.00	29.16	29.32	29.48	29.63	29.79
10.28	10.55	10.82	11.09	11.36	11.63	11.91	12.18	12.45	12.72	12.99	13.26	13.53	13.80	14.07	14.34	14.60	14.87	15.13	15.39	15.65	15.91	16.16	16.41	16.66	16.91	17.16	17.40	17.64	17.88	18.12	18.35	18.58	18.81	19.04	19.27	19.49	19.71	19.93	20.15	20.37	20.58	20.79	21.00	21.21	21.42	21.63	21.84	22.04	22.25	22.45	22.65	22.85	23.05	23.26	23.46	23.66	23.86	24.05	24.25	24.45	24.65	24.85	25.04	25.24	25.44	25.63	25.83	26.03	26.22	26.41	26.61	26.80	26.99	27.18	27.37	27.55	27.74	27.92	28.11	28.29	28.46	28.64	28.81	28.98	29.15	29.32	29.48	29.64	29.79	29.95
10.37	10.63	10.90	11.18	11.45	11.72	11.99	12.27	12.54	12.81	13.08	13.36	13.63	13.90	14.16	14.43	14.70	14.96	15.23	15.49	15.75	16.00	16.26	16.51	16.76	17.01	17.26	17.50	17.74	17.98	18.22	18.46	18.69	18.92	19.15	19.37	19.60	19.82	20.04	20.26	20.47	20.69	20.90	21.11	21.32	21.53	21.74	21.95	22.15	22.36	22.56	22.77	22.97	23.17	23.37	23.57	23.77	23.97	24.17	24.37	24.57	24.77	24.97	25.17	25.37	25.56	25.76	25.96	26.15	26.35	26.54	26.74	26.93	27.12	27.32	27.51	27.69	27.88	28.07	28.25	28.43	28.61	28.79	28.96	29.13	29.30	29.47	29.63	29.79	29.95	30.10
10.45	10.72	10.99	11.26	11.53	11.81	12.08	12.35	12.63	12.90	13.17	13.45	13.72	13.99	14.26	14.53	14.79	15.06	15.32	15.58	15.84	16.10	16.36	16.61	16.86	17.11	17.36	17.60	17.84	18.08	18.32	18.56	18.79	19.02	19.25	19.48	19.70	19.92	20.14	20.36	20.58	20.79	21.01	21.22	21.43	21.64	21.85	22.06	22.26	22.47	22.67	22.88	23.08	23.28	23.49	23.69	23.89	24.09	24.29	24.49	24.69	24.89	25.09	25.29	25.49	25.69	25.89	26.08	26.28	26.48	26.67	26.87	27.06	27.26	27.45	27.64	27.83	28.02	28.20	28.39	28.57	28.75	28.93	29.11	29.28	29.45	29.62	29.78	29.94	30.10	30.25
10.53	10.80	11.07	11.35	11.62	11.89	12.17	12.44	12.72	12.99	13.26	13.54	13.81	14.08	14.35	14.62	14.89	15.15	15.42	15.68	15.94	16.20	16.45	16.71	16.96	17.21	17.45	17.70	17.94	18.18	18.42	18.66	18.89	19.12	19.35	19.58	19.80	20.02	20.25	20.46	20.68	20.90	21.11	21.32	21.54	21.75	21.96	22.16	22.37	22.58	22.78	22.99	23.19	23.39	23.60	23.80	24.00	24.20	24.40	24.61	24.81	25.01	25.21	25.41	25.61	25.81	26.01	26.21	26.40	26.60	26.80	26.99	27.19	27.38	27.58	27.77	27.96	28.15	28.34	28.52	28.71	28.89	29.07	29.25	29.42	29.59	29.76	29.93	30.09	30.25	30.40
10.62	10.89	11.16	11.43	11.71	11.98	12.26	12.53	12.81	13.08	13.35	13.63	13.90	14.17	14.44	14.71	14.98	15.24	15.51	15.77	16.03	16.29	16.55	16.80	17.05	17.30	17.55	17.80	18.04	18.28	18.52	18.76	18.99	19.22	19.45	19.68	19.90	20.13	20.35	20.57	20.78	21.00	21.21	21.43	21.64	21.85	22.06	22.27	22.48	22.68	22.89	23.09	23.30	23.50	23.70	23.91	24.11	24.31	24.52	24.72	24.92	25.12	25.32	25.52	25.72	25.92	26.12	26.32	26.52	26.72	26.92	27.12	27.31	27.51	27.70	27.90	28.09	28.28	28.47	28.66	28.84	29.02	29.20	29.38	29.56	29.73	29.90	30.07	30.23	30.39	30.55
10.70	10.97	11.25	11.52	11.79	12.07	12.34	12.62	12.89	13.17	13.44	13.72	13.99	14.26	14.53	14.80	15.07	15.34	15.60	15.86	16.13	16.38	16.64	16.90	17.15	17.40	17.65	17.89	18.14	18.38	18.62	18.85	19.09	19.32	19.55	19.78	20.00	20.22	20.45	20.67	20.88	21.10	21.32	21.53	21.74	21.95	22.16	22.37	22.58	22.79	22.99	23.20	23.40	23.61	23.81	24.01	24.22	24.42	24.62	24.83	25.03	25.23	25.43	25.64	25.84	26.04	26.24	26.44	26.64	26.84	27.04	27.24	27.44	27.63	27.83	28.02	28.21	28.41	28.60	28.78	28.97	29.15	29.34	29.51	29.69	29.87	30.04	30.20	30.37	30.53	30.69
10.79	11.06	11.33	11.61	11.88	12.16	12.43	12.71	12.98	13.26	13.53	13.81	14.08	14.35	14.62	14.89	15.16	15.43	15.69	15.96	16.22	16.48	16.74	16.99	17.24	17.49	17.74	17.99	18.23	18.47	18.71	18.95	19.18	19.41	19.64	19.87	20.10	20.32	20.54	20.76	20.98	21.20	21.41	21.63	21.84	22.05	22.26	22.47	22.68	22.89	23.09	23.30	23.50	23.71	23.91	24.12	24.32	24.53	24.73	24.93	25.14	25.34	25.54	25.75	25.95	26.15	26.35	26.55	26.75	26.96	27.16	27.35	27.55	27.75	27.95	28.14	28.34	28.53	28.72	28.91	29.10	29.28	29.46	29.64	29.82	30.00	30.17	30.34	30.50	30.66	30.82
10.87	11.14	11.42	11.69	11.97	12.24	12.52	12.79	13.07	13.35	13.62	13.90	14.17	14.44	14.71	14.98	15.25	15.52	15.79	16.05	16.31	16.57	16.83	17.08	17.34	17.59	17.83	18.08	18.32	18.57	18.81	19.04	19.28	19.51	19.74	19.97	20.19	20.42	20.64	20.86	21.08	21.29	21.51	21.72	21.94	22.15	22.36	22.57	22.78	22.99	23.19	23.40	23.61	23.81	24.02	24.22	24.43	24.63	24.83	25.04	25.24	25.45	25.65	25.85	26.06	26.26	26.46	26.66	26.87	27.07	27.27	27.47	27.67	27.87	28.06	28.26	28.45	28.65	28.84	29.03	29.22	29.40	29.59	29.77	29.95	30.12	30.30	30.47	30.63	30.80	30.96
10.96	11.23	11.50	11.78	12.05	12.33	12.61	12.88	13.16	13.44	13.71	13.99	14.26	14.53	14.80	15.07	15.34	15.61	15.88	16.14	16.40	16.66	16.92	17.17	17.43	17.68	17.93	18.17	18.42	18.66	18.90	19.13	19.37	19.60	19.83	20.06	20.29	20.51	20.73	20.95	21.17	21.39	21.61	21.82	22.03	22.24	22.46	22.67	22.87	23.08	23.29	23.50	23.70	23.91	24.12	24.32	24.53	24.73	24.94	25.14	25.34	25.55	25.75	25.96	26.16	26.36	26.57	26.77	26.97	27.18	27.38	27.58	27.78	27.98	28.18	28.37	28.57	28.76	28.96	29.15	29.34	29.52	29.71	29.89	30.07	30.25	30.42	30.59	30.76	30.92	31.08
11.04	11.32	11.59	11.86	12.14	12.42	12.69	12.97	13.25	13.52	13.80	14.07	14.35	14.62	14.89	15.16	15.43	15.70	15.97	16.23	16.49	16.75	17.01	17.26	17.52	17.77	18.02	18.26	18.51	18.75	18.99	19.23	19.46	19.69	19.92	20.15	20.38	20.60	20.83	21.05	21.27	21.48	21.70	21.91	22.13	22.34	22.55	22.76	22.97	23.18	23.39	23.59	23.80	24.01	24.21	24.42	24.62	24.83	25.03	25.24	25.44	25.65	25.85	26.06	26.26	26.47	26.67	26.88	27.08	27.28	27.48	27.69	27.89	28.09	28.29	28.48	28.68	28.88	29.07	29.26	29.45	29.64	29.83	30.01	30.19	30.37	30.54	30.71	30.88	31.05	31.21
11.13	11.40	11.68	11.95	12.23	12.50	12.78	13.06	13.33	13.61	13.89	14.16	14.44	14.71	14.98	15.25	15.52	15.79	16.06	16.32	16.58	16.84	17.10	17.35	17.61	17.86	18.11	18.35	18.60	18.84	19.08	19.32	19.55	19.78	20.01	20.24	20.47	20.69	20.92	21.14	21.36	21.57	21.79	22.00	22.22	22.43	22.64	22.85	23.06	23.27	23.48	23.69	23.89	24.10	24.31	24.51	24.72	24.93	25.13	25.34	25.54	25.75	25.95	26.16	26.36	26.57	26.77	26.98	27.18	27.39	27.59	27.79	27.99	28.19	28.39	28.59	28.79	28.99	29.18	29.37	29.56	29.75	29.94	30.12	30.30	30.48	30.66	30.83	31.00	31.17	31.33
11.21	11.49	11.76	12.04	12.31	12.59	12.87	13.15	13.42	13.70	13.97	14.25	14.52	14.80	15.07	15.34	15.61	15.88	16.14	16.41	16.67	16.93	17.19	17.44	17.70	17.95	18.20	18.44	18.69	18.93	19.17	19.40	19.64	19.87	20.10	20.33	20.56	20.78	21.01	21.23	21.45	21.66	21.88	22.09	22.31	22.52	22.73	22.94	23.15	23.36	23.57	23.78	23.99	24.19	24.40	24.61	24.81	25.02	25.23	25.43	25.64	25.84	26.05	26.25	26.46	26.67	26.87	27.08	27.28	27.49	27.69	27.89	28.09	28.30	28.50	28.70	28.89	29.09	29.29	29.48	29.67	29.86	30.05	30.23	30.42	30.60	30.77	30.95	31.12	31.28	31.45
11.30	11.57	11.85	12.12	12.40	12.68	12.96	13.23	13.51	13.79	14.06	14.34	14.61	14.89	15.16	15.43	15.70	15.97	16.23	16.50	16.76	17.02	17.27	17.53	17.78	18.03	18.28	18.53	18.77	19.02	19.26	19.49	19.73	19.96	20.19	20.42	20.65	20.87	21.09	21.31	21.53	21.75	21.97	22.18	22.40	22.61	22.82	23.03	23.24	23.45	23.66	23.87	24.08	24.28	24.49	24.70	24.90	25.11	25.32	25.52	25.73	25.94	26.14	26.35	26.56	26.76	26.97	27.17	27.38	27.58	27.79	27.99	28.19	28.40	28.60	28.80	29.00	29.19	29.39	29.59	29.78	29.97	30.16	30.34	30.52	30.71	30.88	31.06	31.23	31.40	31.56
